cve,epss,percentile
CVE-2019-1394,0.01212,0.67579
