cve,epss,percentile
CVE-2019-4163,0.00994,0.61228
