cve,epss,percentile
CVE-2019-10753,0.00724,0.52269
