cve,epss,percentile
CVE-2019-7247,0.02101,0.81165
