cve,epss,percentile
CVE-2019-25224,0.21415,0.97538
