cve,epss,percentile
CVE-2019-11020,0.01477,0.73106
