cve,epss,percentile
CVE-2019-16311,0.00603,0.47177
