cve,epss,percentile
CVE-2019-7259,0.13178,0.96256
