cve,epss,percentile
CVE-2019-25643,0.00346,0.25711
