cve,epss,percentile
CVE-2019-12279,0.0422,0.90698
