cve,epss,percentile
CVE-2019-13950,0.00702,0.51457
