cve,epss,percentile
CVE-2019-16088,0.00907,0.58672
