cve,epss,percentile
CVE-2019-20875,0.00769,0.54211
