cve,epss,percentile
CVE-2019-20403,0.0147,0.72845
