cve,epss,percentile
CVE-2019-5232,0.00972,0.60634
