cve,epss,percentile
CVE-2019-8506,0.16159,0.96841
