cve,epss,percentile
CVE-2019-3619,0.01119,0.65162
