cve,epss,percentile
CVE-2019-11253,0.25939,0.97939
