cve,epss,percentile
CVE-2019-1323,0.0098,0.61103
