cve,epss,percentile
CVE-2019-14045,0.00902,0.58562
