cve,epss,percentile
CVE-2019-16565,0.0064,0.48845
