cve,epss,percentile
CVE-2019-16274,0.00674,0.50297
