cve,epss,percentile
CVE-2020-7183,0.03353,0.88305
