cve,epss,percentile
CVE-2020-35658,0.00511,0.41383
