cve,epss,percentile
CVE-2020-17475,0.00925,0.59045
