cve,epss,percentile
CVE-2020-1262,0.00914,0.58625
