cve,epss,percentile
CVE-2020-11054,0.0151,0.73534
