cve,epss,percentile
CVE-2020-4854,0.0243,0.83752
