cve,epss,percentile
CVE-2020-9459,0.01024,0.62278
