cve,epss,percentile
CVE-2020-0616,0.01658,0.75904
