cve,epss,percentile
CVE-2020-36640,0.0077,0.54029
