cve,epss,percentile
CVE-2020-7603,0.02575,0.84745
