cve,epss,percentile
CVE-2020-11049,0.01522,0.73687
