cve,epss,percentile
CVE-2020-36864,0.00446,0.36534
