cve,epss,percentile
CVE-2026-23634,0.0025,0.14993
