cve,epss,percentile
CVE-2026-67975,0.0036,0.27753
