cve,epss,percentile
CVE-2026-53654,0.00526,0.42782
