cve,epss,percentile
CVE-2026-95394,0.00136,0.02617
