cve,epss,percentile
CVE-2026-78667,0.00172,0.06041
