cve,epss,percentile
CVE-2026-53826,0.00317,0.22376
