cve,epss,percentile
CVE-2026-21732,0.00288,0.19635
