cve,epss,percentile
CVE-2026-50192,0.00421,0.34223
