cve,epss,percentile
CVE-2026-23393,0.001,0.00793
