cve,epss,percentile
CVE-2026-21688,0.00368,0.28604
