cve,epss,percentile
CVE-2026-6961,0.00452,0.37331
