cve,epss,percentile
CVE-2026-65063,0.00142,0.02974
