cve,epss,percentile
CVE-2026-28600,0.00088,0.00368
