cve,epss,percentile
CVE-2026-24421,0.0177,0.77357
