cve,epss,percentile
CVE-2026-79635,0.00311,0.21638
