cve,epss,percentile
CVE-2026-45742,0.00705,0.51859
