cve,epss,percentile
CVE-2026-57400,0.00332,0.24019
