cve,epss,percentile
CVE-2026-3015,0.01048,0.62939
