cve,epss,percentile
CVE-2026-102390,0.00176,0.06475
