cve,epss,percentile
CVE-2026-15130,0.00267,0.17324
