cve,epss,percentile
CVE-2026-17754,0.00238,0.13657
