cve,epss,percentile
CVE-2026-6311,0.00331,0.23895
