cve,epss,percentile
CVE-2026-32204,0.00356,0.26896
