cve,epss,percentile
CVE-2026-102162,0.00246,0.14557
