cve,epss,percentile
CVE-2026-90849,0.00435,0.35441
