cve,epss,percentile
CVE-2026-4368,0.00295,0.20299
