cve,epss,percentile
CVE-2026-17794,0.00245,0.14413
