cve,epss,percentile
CVE-2026-31067,0.00578,0.45833
