cve,epss,percentile
CVE-2026-0839,0.01076,0.63775
