cve,epss,percentile
CVE-2026-55233,0.00488,0.40105
