cve,epss,percentile
CVE-2026-17839,0.00288,0.19451
