cve,epss,percentile
CVE-2026-15350,0.00385,0.30083
