cve,epss,percentile
CVE-2026-58061,0.00236,0.13232
