cve,epss,percentile
CVE-2026-98279,0.00173,0.06222
