cve,epss,percentile
CVE-2026-43802,0.00605,0.47076
