cve,epss,percentile
CVE-2026-78892,0.00113,0.01321
