cve,epss,percentile
CVE-2026-38711,0.02753,0.85674
