cve,epss,percentile
CVE-2026-71272,0.00257,0.15686
