cve,epss,percentile
CVE-2026-8069,0.00165,0.05168
