cve,epss,percentile
CVE-2026-59276,0.00332,0.24343
