cve,epss,percentile
CVE-2026-34725,0.00195,0.08377
