cve,epss,percentile
CVE-2026-85124,0.00737,0.53067
