cve,epss,percentile
CVE-2026-63452,0.0063,0.48657
