cve,epss,percentile
CVE-2026-54220,0.00223,0.11664
