cve,epss,percentile
CVE-2026-103252,0.00273,0.18128
