cve,epss,percentile
CVE-2026-39514,0.00251,0.15164
