cve,epss,percentile
CVE-2026-68367,0.0022,0.11459
