cve,epss,percentile
CVE-2026-44248,0.00716,0.52059
