cve,epss,percentile
CVE-2026-75840,0.00432,0.35467
