cve,epss,percentile
CVE-2026-91092,0.00394,0.31228
