cve,epss,percentile
CVE-2026-12443,0.00613,0.47506
