cve,epss,percentile
CVE-2026-92625,0.00658,0.49893
