cve,epss,percentile
CVE-2026-64612,0.00704,0.51568
