cve,epss,percentile
CVE-2026-89160,0.00268,0.17167
