cve,epss,percentile
CVE-2026-107736,0.0012,0.01662
