cve,epss,percentile
CVE-2026-80826,0.00195,0.08267
