cve,epss,percentile
CVE-2026-2934,0.00362,0.28038
