cve,epss,percentile
CVE-2026-10223,0.00228,0.12282
