cve,epss,percentile
CVE-2026-86722,0.00475,0.38707
