cve,epss,percentile
CVE-2026-77645,0.00559,0.44602
