cve,epss,percentile
CVE-2026-79808,0.00115,0.01433
