cve,epss,percentile
CVE-2026-76749,0.00401,0.32255
