cve,epss,percentile
CVE-2026-7730,0.01817,0.78053
