cve,epss,percentile
CVE-2026-89606,0.00176,0.06403
