cve,epss,percentile
CVE-2026-14829,0.00332,0.24304
