cve,epss,percentile
CVE-2026-98222,0.00168,0.05508
