cve,epss,percentile
CVE-2026-25350,0.0018,0.06935
