cve,epss,percentile
CVE-2011-4972,0.01744,0.76943
