cve,epss,percentile
CVE-2011-3937,0.0227,0.82453
