cve,epss,percentile
CVE-2011-1189,0.01591,0.74899
