cve,epss,percentile
CVE-2011-3882,0.01019,0.62324
