cve,epss,percentile
CVE-2011-1347,0.27967,0.98064
