cve,epss,percentile
CVE-2011-1467,0.12718,0.96175
