cve,epss,percentile
CVE-2023-28654,0.00771,0.54059
