cve,epss,percentile
CVE-2023-41045,0.00358,0.27167
