cve,epss,percentile
CVE-2023-23615,0.00452,0.37046
