cve,epss,percentile
CVE-2023-35848,0.00702,0.51498
