cve,epss,percentile
CVE-2023-32004,0.02129,0.81294
