cve,epss,percentile
CVE-2023-4233,0.01015,0.62144
