cve,epss,percentile
CVE-2023-33718,0.0072,0.52468
