cve,epss,percentile
CVE-2023-46249,0.00654,0.49532
