cve,epss,percentile
CVE-2023-23670,0.00361,0.27839
