cve,epss,percentile
CVE-2023-5033,0.00669,0.50172
