cve,epss,percentile
CVE-2023-39249,0.0032,0.22642
