cve,epss,percentile
CVE-2023-31284,0.00277,0.18139
