cve,epss,percentile
CVE-2023-52886,0.00328,0.23915
