cve,epss,percentile
CVE-2023-46554,0.0083,0.56238
