cve,epss,percentile
CVE-2023-40470,0.0038,0.29603
