cve,epss,percentile
CVE-2023-38852,0.01329,0.70051
