cve,epss,percentile
CVE-2023-47126,0.00661,0.49733
