cve,epss,percentile
CVE-2023-6721,0.00603,0.46936
