cve,epss,percentile
CVE-2023-38862,0.01182,0.66805
