cve,epss,percentile
CVE-2023-41295,0.00284,0.19277
