cve,epss,percentile
CVE-2023-47766,0.00412,0.33455
