cve,epss,percentile
CVE-2023-23788,0.00369,0.28771
