cve,epss,percentile
CVE-2023-47616,0.00296,0.20242
