cve,epss,percentile
CVE-2023-50976,0.00987,0.61261
