cve,epss,percentile
CVE-2023-24282,0.00499,0.40916
