cve,epss,percentile
CVE-2023-38047,0.00373,0.29187
