cve,epss,percentile
CVE-2023-53082,0.00204,0.09533
