cve,epss,percentile
CVE-2023-20212,0.03441,0.88602
