cve,epss,percentile
CVE-2023-3769,0.00556,0.44314
