cve,epss,percentile
CVE-2023-0545,0.00442,0.36489
