cve,epss,percentile
CVE-2008-6421,0.029,0.86531
