cve,epss,percentile
CVE-2008-0960,0.6879,0.99327
