cve,epss,percentile
CVE-2008-2778,0.0101,0.62086
