cve,epss,percentile
CVE-2008-6959,0.05725,0.92796
