cve,epss,percentile
CVE-2008-1267,0.01763,0.77335
