cve,epss,percentile
CVE-2008-0251,0.03536,0.88894
