cve,epss,percentile
CVE-2008-0194,0.0375,0.89581
