cve,epss,percentile
CVE-2018-16396,0.07968,0.94587
