cve,epss,percentile
CVE-2018-6212,0.01761,0.77359
