cve,epss,percentile
CVE-2018-19286,0.00668,0.50146
