cve,epss,percentile
CVE-2018-20005,0.01111,0.64901
