cve,epss,percentile
CVE-2018-3064,0.03076,0.87271
