cve,epss,percentile
CVE-2018-5986,0.0259,0.84707
