cve,epss,percentile
CVE-2018-0196,0.00985,0.61226
