cve,epss,percentile
CVE-2018-25318,0.00651,0.49691
