cve,epss,percentile
CVE-2018-11589,0.02147,0.81535
