cve,epss,percentile
CVE-2018-16666,0.00335,0.24908
