cve,epss,percentile
CVE-2018-18640,0.01157,0.65915
