cve,epss,percentile
CVE-2018-20873,0.00326,0.23707
