cve,epss,percentile
CVE-2018-5962,0.0263,0.84957
