cve,epss,percentile
CVE-2018-3672,0.00377,0.29285
