cve,epss,percentile
CVE-2018-1710,0.00533,0.43332
