cve,epss,percentile
CVE-2018-20243,0.02673,0.85367
