cve,epss,percentile
CVE-2018-6520,0.00851,0.56767
