cve,epss,percentile
CVE-2018-4210,0.01946,0.79477
