cve,epss,percentile
CVE-2018-18897,0.01955,0.79687
