cve,epss,percentile
CVE-2012-5132,0.0145,0.72439
