cve,epss,percentile
CVE-2005-3001,0.00375,0.29057
