cve,epss,percentile
CVE-2005-0271,0.01229,0.68007
