cve,epss,percentile
CVE-2005-2806,0.01697,0.76351
