cve,epss,percentile
CVE-2005-0569,0.02653,0.85106
