cve,epss,percentile
CVE-2005-1483,0.01376,0.71072
