cve,epss,percentile
CVE-1999-1284,0.01632,0.75346
