cve,epss,percentile
CVE-1999-1561,0.00345,0.25716
