cve,epss,percentile
CVE-1999-0255,0.03,0.86877
