cve,epss,percentile
CVE-2009-4800,0.01934,0.79477
