cve,epss,percentile
CVE-2009-1686,0.07526,0.94352
