cve,epss,percentile
CVE-2009-0443,0.05586,0.92636
