cve,epss,percentile
CVE-2009-3983,0.02202,0.82027
