cve,epss,percentile
CVE-2009-2289,0.01449,0.72449
