cve,epss,percentile
CVE-2009-0675,0.00401,0.32031
