cve,epss,percentile
CVE-2009-2359,0.0088,0.57636
