cve,epss,percentile
CVE-2009-2209,0.01011,0.61805
