cve,epss,percentile
CVE-2009-0274,0.01345,0.70607
