cve,epss,percentile
CVE-2007-0253,0.00333,0.24545
