cve,epss,percentile
CVE-2007-5042,0.00306,0.21477
