cve,epss,percentile
CVE-2007-3445,0.0132,0.69866
