cve,epss,percentile
CVE-2007-2431,0.05102,0.92117
