cve,epss,percentile
CVE-2007-2507,0.03476,0.88704
