cve,epss,percentile
CVE-2007-1104,0.02366,0.83218
