cve,epss,percentile
CVE-2007-1732,0.01539,0.74157
