cve,epss,percentile
CVE-2007-3284,0.03079,0.87201
