cve,epss,percentile
CVE-2006-5797,0.01387,0.71398
