cve,epss,percentile
CVE-2006-1097,0.01384,0.71221
