cve,epss,percentile
CVE-2006-4165,0.01309,0.69631
