cve,epss,percentile
CVE-2006-1392,0.0165,0.75615
