cve,epss,percentile
CVE-2006-3154,0.01381,0.71325
