cve,epss,percentile
CVE-2006-2553,0.01369,0.71099
