cve,epss,percentile
CVE-2025-31776,0.00209,0.10079
