cve,epss,percentile
CVE-2025-7814,0.0043,0.34911
