cve,epss,percentile
CVE-2025-59580,0.00391,0.30824
