cve,epss,percentile
CVE-2025-7933,0.00621,0.48224
