cve,epss,percentile
CVE-2025-11921,0.00617,0.47748
