cve,epss,percentile
CVE-2025-13843,0.00216,0.10819
