cve,epss,percentile
CVE-2025-66523,0.00187,0.07509
