cve,epss,percentile
CVE-2025-27725,0.0008,0.00148
