cve,epss,percentile
CVE-2025-24683,0.00585,0.45995
