cve,epss,percentile
CVE-2025-21007,0.00128,0.02078
