cve,epss,percentile
CVE-2025-58789,0.00355,0.26888
