cve,epss,percentile
CVE-2025-4418,0.00101,0.00831
