cve,epss,percentile
CVE-2025-32149,0.00546,0.44051
