cve,epss,percentile
CVE-2025-53716,0.01499,0.73352
