cve,epss,percentile
CVE-2025-32856,0.00654,0.49854
