cve,epss,percentile
CVE-2025-13437,0.00087,0.00348
