cve,epss,percentile
CVE-2025-53868,0.00444,0.36616
