cve,epss,percentile
CVE-2025-1946,0.05249,0.92336
