cve,epss,percentile
CVE-2025-15136,0.10724,0.95721
