cve,epss,percentile
CVE-2025-14306,0.01074,0.63981
