cve,epss,percentile
CVE-2025-1593,0.00538,0.43311
