cve,epss,percentile
CVE-2025-10965,0.00384,0.30083
