cve,epss,percentile
CVE-2025-24199,0.0027,0.17435
