cve,epss,percentile
CVE-2025-25566,0.00316,0.22563
