cve,epss,percentile
CVE-2025-68025,0.00261,0.16381
