cve,epss,percentile
CVE-2025-29836,0.01294,0.69217
