cve,epss,percentile
CVE-2025-15231,0.00736,0.53062
