cve,epss,percentile
CVE-2025-47517,0.00155,0.04049
