cve,epss,percentile
CVE-2025-6191,0.11492,0.95905
