cve,epss,percentile
CVE-2025-15324,0.00163,0.04941
