cve,epss,percentile
CVE-2025-60113,0.0014,0.02816
