cve,epss,percentile
CVE-2025-4499,0.00347,0.25859
