cve,epss,percentile
CVE-2025-61661,0.00194,0.08195
