cve,epss,percentile
CVE-2025-4875,0.00544,0.43947
