cve,epss,percentile
CVE-2025-30057,0.00718,0.52226
