cve,epss,percentile
CVE-2025-54102,0.00457,0.37421
