cve,epss,percentile
CVE-2021-32020,0.01303,0.69683
