cve,epss,percentile
CVE-2021-22117,0.00611,0.47746
