cve,epss,percentile
CVE-2021-42139,0.0207,0.80746
