cve,epss,percentile
CVE-2021-25913,0.04197,0.90682
