cve,epss,percentile
CVE-2021-36299,0.29633,0.98154
