cve,epss,percentile
CVE-2021-2400,0.83298,0.99675
