cve,epss,percentile
CVE-2021-30900,0.05204,0.92214
