cve,epss,percentile
CVE-2021-30720,0.01372,0.71113
