cve,epss,percentile
CVE-2021-30044,0.01773,0.77492
