cve,epss,percentile
CVE-2021-0348,0.00166,0.05308
