cve,epss,percentile
CVE-2021-27665,0.01573,0.74535
