cve,epss,percentile
CVE-2021-0422,0.00109,0.01165
