cve,epss,percentile
CVE-2021-21150,0.0117,0.66415
