cve,epss,percentile
CVE-2021-38562,0.01835,0.78306
