cve,epss,percentile
CVE-2021-37501,0.01545,0.74065
