cve,epss,percentile
CVE-2021-20482,0.01398,0.71625
