cve,epss,percentile
CVE-2021-28358,0.02315,0.82823
