cve,epss,percentile
CVE-2021-1657,0.00954,0.60172
