cve,epss,percentile
CVE-2021-28495,0.0093,0.59455
