cve,epss,percentile
CVE-2021-32234,0.02158,0.81506
