cve,epss,percentile
CVE-2021-23033,0.00933,0.59538
