cve,epss,percentile
CVE-2021-42145,0.00429,0.35206
