cve,epss,percentile
CVE-2021-24453,0.04956,0.91956
