cve,epss,percentile
CVE-2021-46903,0.00496,0.40283
