cve,epss,percentile
CVE-2021-36910,0.00599,0.46833
