cve,epss,percentile
CVE-2021-39207,0.01794,0.77781
