cve,epss,percentile
CVE-2021-41790,0.01469,0.72972
