cve,epss,percentile
CVE-2021-22358,0.00533,0.42921
