cve,epss,percentile
CVE-2002-2291,0.01982,0.79965
