cve,epss,percentile
CVE-2002-2138,0.02665,0.85196
