cve,epss,percentile
CVE-2002-0372,0.14417,0.96546
