cve,epss,percentile
CVE-2000-1088,0.02845,0.86215
