cve,epss,percentile
CVE-2000-0551,0.04315,0.90902
