cve,epss,percentile
CVE-2000-0402,0.90609,0.99802
