cve,epss,percentile
CVE-2017-16338,0.0136,0.70737
