cve,epss,percentile
CVE-2017-13909,0.00229,0.12578
