cve,epss,percentile
CVE-2017-2325,0.01163,0.66052
