cve,epss,percentile
CVE-2017-16665,0.00605,0.47385
