cve,epss,percentile
CVE-2017-3133,0.10677,0.95687
