cve,epss,percentile
CVE-2017-8296,0.01395,0.71561
