cve,epss,percentile
CVE-2017-3271,0.02099,0.80988
