cve,epss,percentile
CVE-2010-1879,0.20284,0.97404
