cve,epss,percentile
CVE-2010-1109,0.00942,0.59661
