cve,epss,percentile
CVE-2010-1087,0.03573,0.89002
