cve,epss,percentile
CVE-2010-3211,0.00961,0.60385
