cve,epss,percentile
CVE-2015-0100,0.15525,0.96715
