cve,epss,percentile
CVE-2015-6245,0.02946,0.86692
