cve,epss,percentile
CVE-2015-6850,0.00539,0.43571
