cve,epss,percentile
CVE-2015-4358,0.00946,0.59968
