cve,epss,percentile
CVE-2015-7751,0.0035,0.26148
