cve,epss,percentile
CVE-2015-6108,0.25998,0.97932
