cve,epss,percentile
CVE-2015-5497,0.00965,0.60589
