cve,epss,percentile
CVE-2015-1065,0.00881,0.57902
