cve,epss,percentile
CVE-2022-46087,0.00602,0.47121
