cve,epss,percentile
CVE-2022-36446,0.96049,0.99877
