cve,epss,percentile
CVE-2022-0084,0.01484,0.73086
