cve,epss,percentile
CVE-2022-24221,0.01096,0.64575
