cve,epss,percentile
CVE-2022-24218,0.1695,0.96975
