cve,epss,percentile
CVE-2022-31791,0.00227,0.12188
