cve,epss,percentile
CVE-2022-4868,0.00641,0.49149
