cve,epss,percentile
CVE-2022-25259,0.00568,0.45274
