cve,epss,percentile
CVE-2022-43550,0.01793,0.77636
