cve,epss,percentile
CVE-2022-35289,0.00982,0.60862
