cve,epss,percentile
CVE-2022-21443,0.02717,0.85482
