cve,epss,percentile
CVE-2022-44039,0.01068,0.63757
