cve,epss,percentile
CVE-2022-36919,0.00675,0.50708
