cve,epss,percentile
CVE-2022-41032,0.01131,0.65402
