cve,epss,percentile
CVE-2022-43954,0.00687,0.50975
