cve,epss,percentile
CVE-2022-20584,0.0013,0.02243
