cve,epss,percentile
CVE-2022-1144,0.00708,0.51746
