cve,epss,percentile
CVE-2022-24808,0.01131,0.65213
