cve,epss,percentile
CVE-2022-26747,0.00636,0.48498
