cve,epss,percentile
CVE-2022-22953,0.00769,0.53909
