cve,epss,percentile
CVE-2022-23397,0.01028,0.62377
