cve,epss,percentile
CVE-2016-5309,0.06877,0.93899
