cve,epss,percentile
CVE-2016-3083,0.01006,0.61698
