cve,epss,percentile
CVE-2016-0481,0.21922,0.97603
