cve,epss,percentile
CVE-2016-4123,0.0381,0.89685
