cve,epss,percentile
CVE-2016-6626,0.01313,0.69638
