cve,epss,percentile
CVE-2016-7171,0.00883,0.57708
