cve,epss,percentile
CVE-2024-3492,0.00291,0.19543
