cve,epss,percentile
CVE-2024-9785,0.01502,0.73526
