cve,epss,percentile
CVE-2024-47673,0.00207,0.09875
