cve,epss,percentile
CVE-2024-39787,0.02522,0.84396
