cve,epss,percentile
CVE-2024-24623,0.01889,0.78792
