cve,epss,percentile
CVE-2024-56085,0.00297,0.20485
