cve,epss,percentile
CVE-2024-7151,0.01115,0.64823
