cve,epss,percentile
CVE-2024-21520,0.01133,0.65487
