cve,epss,percentile
CVE-2024-32864,0.00222,0.11526
