cve,epss,percentile
CVE-2024-37438,0.00169,0.05694
