cve,epss,percentile
CVE-2024-5916,0.00249,0.14855
