cve,epss,percentile
CVE-2024-23908,0.00131,0.02236
