cve,epss,percentile
CVE-2024-1644,0.00856,0.57107
