cve,epss,percentile
CVE-2024-31480,0.0057,0.45481
