cve,epss,percentile
CVE-2024-9618,0.00344,0.25899
