cve,epss,percentile
CVE-2024-6557,0.00439,0.35839
