cve,epss,percentile
CVE-2024-4648,0.00447,0.36662
