cve,epss,percentile
CVE-2024-34082,0.03045,0.87137
