cve,epss,percentile
CVE-2024-6244,0.02836,0.86151
