cve,epss,percentile
CVE-2024-11516,0.00436,0.35557
