cve,epss,percentile
CVE-2024-46588,0.0045,0.36847
