cve,epss,percentile
CVE-2024-57174,0.00363,0.27836
