cve,epss,percentile
CVE-2024-37765,0.00831,0.55985
