cve,epss,percentile
CVE-2024-3980,0.00611,0.47419
