cve,epss,percentile
CVE-2024-4490,0.00505,0.41022
