cve,epss,percentile
CVE-2024-0440,0.00636,0.48499
