cve,epss,percentile
CVE-2024-13164,0.00375,0.29101
