cve,epss,percentile
CVE-2024-5691,0.00654,0.49579
