cve,epss,percentile
CVE-2024-35178,0.00705,0.51979
