cve,epss,percentile
CVE-2024-21589,0.00431,0.35357
