cve,epss,percentile
CVE-2024-35712,0.00559,0.44801
