cve,epss,percentile
CVE-2024-52984,0.00431,0.35418
