cve,epss,percentile
CVE-2024-20292,0.00109,0.01143
