cve,epss,percentile
CVE-2024-26136,0.00539,0.43569
