cve,epss,percentile
CVE-2024-21419,0.01078,0.64077
