cve,epss,percentile
CVE-2024-42488,0.005,0.40927
