cve,epss,percentile
CVE-2024-6041,0.00476,0.38955
