cve,epss,percentile
CVE-2024-49664,0.00288,0.19433
