cve,epss,percentile
CVE-2024-23739,0.01794,0.77737
