cve,epss,percentile
CVE-2013-7448,0.03534,0.88886
