cve,epss,percentile
CVE-2013-6739,0.00918,0.59049
