cve,epss,percentile
CVE-2013-3365,0.03562,0.89036
