cve,epss,percentile
CVE-2013-0154,0.00372,0.28788
