cve,epss,percentile
CVE-2013-3617,0.21074,0.97528
