cve,epss,percentile
CVE-2013-7457,0.00417,0.33972
