cve,epss,percentile
CVE-2013-4414,0.01795,0.77668
