cve,epss,percentile
CVE-2013-3388,0.01904,0.79094
