cve,epss,percentile
CVE-2013-0717,0.00984,0.61258
