cve,epss,percentile
CVE-2013-1538,0.01625,0.75243
