cve,epss,percentile
CVE-2013-0239,0.04687,0.91515
