cve,epss,percentile
CVE-2013-2108,0.02192,0.81884
