cve,epss,percentile
CVE-2013-3660,0.39318,0.98573
