cve,epss,percentile
CVE-2004-1974,0.01181,0.66792
