cve,epss,percentile
CVE-2004-1012,0.05951,0.93105
