cve,epss,percentile
CVE-2014-5935,0.00271,0.17704
