cve,epss,percentile
CVE-2014-9323,0.02896,0.86443
