cve,epss,percentile
CVE-2014-1804,0.20451,0.97423
