cve,epss,percentile
CVE-2014-2386,0.02755,0.85714
