cve,epss,percentile
CVE-2014-6278,0.99603,0.99947
