cve,epss,percentile
CVE-2014-0683,0.10627,0.95699
