cve,epss,percentile
CVE-2014-3007,0.11597,0.95922
