cve,epss,percentile
CVE-2014-4580,0.01629,0.75288
