cve,epss,percentile
CVE-2014-4635,0.01915,0.79207
