cve,epss,percentile
CVE-2001-0648,0.02336,0.82985
