cve,epss,percentile
CVE-2001-1129,0.00425,0.34423
